Results...
Acceptance-Rate:              69.971 +/- 0.289913
S:                            0.545137 +/- 0.000172699
T:                            0.500046 +/- 4.49819e-05
deltaH:                       0.293627 +/- 0.00477342
exp(-deltaH):                 0.989724 +/- 0.00542456
X:                            0.000695046 +/- 0.000201044
X^2:                          0.502289 +/- 0.000141654
X^4:                          0.757357 +/- 0.000462818
E_0:                          0.502289 +/- 0.000141654
E_1-E_0 0.101313 +/- 0.0004546
